acb
Flexibility:  0.0000016189
Volumen:  333.305890
adb
Flexibility:  0.0000013834
Volumen:  336.391659
